[gd_scene load_steps=29 format=2]

[ext_resource path="res://construciones/Recolector_apariencia.tscn" type="PackedScene" id=1]
[ext_resource path="res://construciones/Metralla.tscn" type="PackedScene" id=2]

[sub_resource type="SphereMesh" id=1]

[sub_resource type="SpatialMaterial" id=2]
albedo_color = Color( 0, 1, 1, 1 )
refraction_enabled = true
refraction_scale = 1.0
refraction_texture_channel = 2

[sub_resource type="SpatialMaterial" id=3]
metallic = 0.98
refraction_enabled = true
refraction_scale = 1.0
refraction_texture_channel = 1

[sub_resource type="SphereMesh" id=4]
radius = 0.5
height = 1.0
radial_segments = 8
rings = 4
is_hemisphere = true

[sub_resource type="SpatialMaterial" id=5]
albedo_color = Color( 0.494118, 0.494118, 0.494118, 1 )
emission_enabled = true
emission = Color( 1, 0, 0, 1 )
emission_energy = 0.1
emission_operator = 0
emission_on_uv2 = false

[sub_resource type="SpatialMaterial" id=6]
vertex_color_use_as_albedo = true

[sub_resource type="Gradient" id=7]
offsets = PoolRealArray( 0, 0.274809, 1 )
colors = PoolColorArray( 1, 1, 0.804688, 1, 1, 1, 0, 1, 1, 0, 0, 1 )

[sub_resource type="GradientTexture" id=8]
gradient = SubResource( 7 )

[sub_resource type="Curve" id=9]
_data = [ Vector2( 0, 0.554142 ), 0.0, 0.0, 0, 0, Vector2( 0.253247, 1 ), 0.0, 0.0, 0, 0, Vector2( 1, 0.499597 ), 0.0, 0.0, 0, 0 ]

[sub_resource type="CurveTexture" id=10]
curve = SubResource( 9 )

[sub_resource type="ParticlesMaterial" id=11]
direction = Vector3( 0, -1, 0 )
gravity = Vector3( 0, -5, 0 )
initial_velocity = 1.0
scale_curve = SubResource( 10 )
color_ramp = SubResource( 8 )

[sub_resource type="SphereMesh" id=12]
radius = 0.5
height = 1.0
radial_segments = 8
rings = 4

[sub_resource type="CylinderMesh" id=13]
top_radius = 0.1
bottom_radius = 0.1
height = 1.0
radial_segments = 8
rings = 1

[sub_resource type="SpatialMaterial" id=14]
albedo_color = Color( 0, 0, 0.576471, 1 )

[sub_resource type="CylinderMesh" id=15]
top_radius = 0.1
bottom_radius = 0.1
height = 1.0
radial_segments = 8
rings = 1

[sub_resource type="SpatialMaterial" id=16]
albedo_color = Color( 1, 0, 0, 1 )

[sub_resource type="SphereMesh" id=17]
height = 0.5
radial_segments = 8
rings = 4
is_hemisphere = true

[sub_resource type="SphereMesh" id=18]
radius = 0.9
height = 0.4
radial_segments = 8
rings = 4
is_hemisphere = true

[sub_resource type="SpatialMaterial" id=19]
albedo_color = Color( 0.203922, 0.215686, 1, 1 )

[sub_resource type="CylinderMesh" id=20]
top_radius = 0.04
bottom_radius = 0.02
height = 1.0
radial_segments = 8
rings = 1

[sub_resource type="SphereMesh" id=21]
radius = 0.1
height = 0.2
radial_segments = 8
rings = 4

[sub_resource type="SpatialMaterial" id=22]
albedo_color = Color( 1, 0, 0, 1 )

[sub_resource type="SpatialMaterial" id=23]

[sub_resource type="CylinderMesh" id=24]
material = SubResource( 23 )
flip_faces = true
top_radius = 0.3
bottom_radius = 0.3
height = 5.0
radial_segments = 8
rings = 1

[sub_resource type="SpatialMaterial" id=25]
flags_transparent = true
albedo_color = Color( 0, 1, 1, 0.784314 )

[sub_resource type="CylinderMesh" id=26]
material = SubResource( 25 )
top_radius = 0.4
bottom_radius = 0.4
height = 9.0
radial_segments = 8
rings = 1

[node name="nave_principal" type="Spatial"]

[node name="puente de mando" type="MeshInstance" parent="."]
mesh = SubResource( 1 )
material/0 = SubResource( 2 )

[node name="CSGTorus" type="CSGTorus" parent="."]
transform = Transform( 1, 0, 0, 0, 1, 0, 0, 0, 1, 0, 1, 0 )
inner_radius = 4.0
outer_radius = 6.0
material = SubResource( 3 )

[node name="metrallas" type="Spatial" parent="CSGTorus"]

[node name="Metralla" parent="CSGTorus/metrallas" instance=ExtResource( 2 )]
transform = Transform( -1, -3.25841e-07, 0, 3.25841e-07, -1, 0, 0, -1.42109e-14, 1, 0, -1.5, 5 )

[node name="MeshInstance" parent="CSGTorus/metrallas/Metralla/patas" index="0"]
visible = false

[node name="MeshInstance2" parent="CSGTorus/metrallas/Metralla/patas" index="1"]
visible = false

[node name="MeshInstance3" parent="CSGTorus/metrallas/Metralla/patas" index="2"]
visible = false

[node name="MeshInstance4" parent="CSGTorus/metrallas/Metralla/patas" index="3"]
visible = false

[node name="Metralla2" parent="CSGTorus/metrallas" instance=ExtResource( 2 )]
transform = Transform( 1.49012e-07, 7.10543e-14, -1, 3.25841e-07, -1, 0, -1, -3.25841e-07, -1.49012e-07, -5, -1.5, -7.15256e-07 )

[node name="MeshInstance" parent="CSGTorus/metrallas/Metralla2/patas" index="0"]
visible = false

[node name="MeshInstance2" parent="CSGTorus/metrallas/Metralla2/patas" index="1"]
visible = false

[node name="MeshInstance3" parent="CSGTorus/metrallas/Metralla2/patas" index="2"]
visible = false

[node name="MeshInstance4" parent="CSGTorus/metrallas/Metralla2/patas" index="3"]
visible = false

[node name="Metralla3" parent="CSGTorus/metrallas" instance=ExtResource( 2 )]
transform = Transform( 1, 3.25841e-07, 3.57628e-07, 3.25841e-07, -1, 0, 3.57628e-07, 9.9476e-14, -1, 1.66893e-06, -1.5, -5 )

[node name="MeshInstance" parent="CSGTorus/metrallas/Metralla3/patas" index="0"]
visible = false

[node name="MeshInstance2" parent="CSGTorus/metrallas/Metralla3/patas" index="1"]
visible = false

[node name="MeshInstance3" parent="CSGTorus/metrallas/Metralla3/patas" index="2"]
visible = false

[node name="MeshInstance4" parent="CSGTorus/metrallas/Metralla3/patas" index="3"]
visible = false

[node name="Metralla4" parent="CSGTorus/metrallas" instance=ExtResource( 2 )]
transform = Transform( 0, -1.42109e-14, 1, 3.25841e-07, -1, 0, 1, 3.25841e-07, 0, 5, -1.5, 0 )

[node name="MeshInstance" parent="CSGTorus/metrallas/Metralla4/patas" index="0"]
visible = false

[node name="MeshInstance2" parent="CSGTorus/metrallas/Metralla4/patas" index="1"]
visible = false

[node name="MeshInstance3" parent="CSGTorus/metrallas/Metralla4/patas" index="2"]
visible = false

[node name="MeshInstance4" parent="CSGTorus/metrallas/Metralla4/patas" index="3"]
visible = false

[node name="recolectores" type="Spatial" parent="CSGTorus"]

[node name="Colector" parent="CSGTorus/recolectores" instance=ExtResource( 1 )]
transform = Transform( 1, 0, 0, 0, 1, 0, 0, 0, 1, 3.536, 1.8, 3.536 )

[node name="CSGMesh" parent="CSGTorus/recolectores/Colector/base/base" index="0"]
transform = Transform( 1.01, 0, 0, 0, 1.01, 0, 0, 0, 1.01, 0, 0, 0 )

[node name="antena" parent="CSGTorus/recolectores/Colector/base" index="1"]
visible = false

[node name="molino de biento" parent="CSGTorus/recolectores/Colector" index="2"]
visible = false

[node name="Colector2" parent="CSGTorus/recolectores" instance=ExtResource( 1 )]
transform = Transform( 1, 0, 0, 0, 1, 0, 0, 0, 1, -3.536, 1.8, 3.536 )

[node name="CSGMesh" parent="CSGTorus/recolectores/Colector2/base/base" index="0"]
transform = Transform( 1.01, 0, 0, 0, 1.01, 0, 0, 0, 1.01, 0, 0, 0 )

[node name="antena" parent="CSGTorus/recolectores/Colector2/base" index="1"]
visible = false

[node name="molino de biento" parent="CSGTorus/recolectores/Colector2" index="2"]
visible = false

[node name="Colector3" parent="CSGTorus/recolectores" instance=ExtResource( 1 )]
transform = Transform( 1, 0, 0, 0, 1, 0, 0, 0, 1, -3.536, 1.8, -3.536 )

[node name="CSGMesh" parent="CSGTorus/recolectores/Colector3/base/base" index="0"]
transform = Transform( 1.01, 0, 0, 0, 1.01, 0, 0, 0, 1.01, 0, 0, 0 )

[node name="antena" parent="CSGTorus/recolectores/Colector3/base" index="1"]
visible = false

[node name="molino de biento" parent="CSGTorus/recolectores/Colector3" index="2"]
visible = false

[node name="Colector4" parent="CSGTorus/recolectores" instance=ExtResource( 1 )]
transform = Transform( 1, 0, 0, 0, 1, 0, 0, 0, 1, 3.536, 1.8, -3.536 )

[node name="CSGMesh" parent="CSGTorus/recolectores/Colector4/base/base" index="0"]
transform = Transform( 1.01, 0, 0, 0, 1.01, 0, 0, 0, 1.01, 0, 0, 0 )

[node name="antena" parent="CSGTorus/recolectores/Colector4/base" index="1"]
visible = false

[node name="molino de biento" parent="CSGTorus/recolectores/Colector4" index="2"]
visible = false

[node name="coetes" type="Spatial" parent="CSGTorus"]
transform = Transform( -0.707107, 0, 0.707107, 0, 1, 0, -0.707107, 0, -0.707107, 0, 0, 0 )

[node name="coete" type="MeshInstance" parent="CSGTorus/coetes"]
transform = Transform( 3.57628e-07, 0, -1, 0, 1, 0, 1, 0, 3.57628e-07, 1.66893e-06, -2, 5 )
mesh = SubResource( 4 )
material/0 = SubResource( 5 )

[node name="Particles" type="Particles" parent="CSGTorus/coetes/coete"]
material_override = SubResource( 6 )
local_coords = false
process_material = SubResource( 11 )
draw_pass_1 = SubResource( 12 )

[node name="MeshInstance" type="MeshInstance" parent="CSGTorus/coetes/coete"]
transform = Transform( 1, 0, 0, 0, 0.866025, -0.5, 0, 0.5, 0.866025, 0, 1, 0.5 )
mesh = SubResource( 13 )
material/0 = SubResource( 14 )

[node name="MeshInstance2" type="MeshInstance" parent="CSGTorus/coetes/coete"]
transform = Transform( 1, 0, 0, 0, 0.866025, 0.5, 0, -0.5, 0.866025, 0, 1, -0.5 )
mesh = SubResource( 15 )
material/0 = SubResource( 16 )

[node name="coete2" type="MeshInstance" parent="CSGTorus/coetes"]
transform = Transform( -1, 0, -5.96046e-08, 0, 1, 0, 5.96046e-08, 0, -1, -5, -2, 2.38419e-07 )
mesh = SubResource( 4 )
material/0 = SubResource( 5 )

[node name="Particles" type="Particles" parent="CSGTorus/coetes/coete2"]
material_override = SubResource( 6 )
local_coords = false
process_material = SubResource( 11 )
draw_pass_1 = SubResource( 12 )

[node name="MeshInstance" type="MeshInstance" parent="CSGTorus/coetes/coete2"]
transform = Transform( 1, 0, 0, 0, 0.866025, -0.5, 0, 0.5, 0.866025, 0, 1, 0.5 )
mesh = SubResource( 13 )
material/0 = SubResource( 14 )

[node name="MeshInstance2" type="MeshInstance" parent="CSGTorus/coetes/coete2"]
transform = Transform( 1, 0, 0, 0, 0.866025, 0.5, 0, -0.5, 0.866025, 0, 1, -0.5 )
mesh = SubResource( 15 )
material/0 = SubResource( 16 )

[node name="coete3" type="MeshInstance" parent="CSGTorus/coetes"]
transform = Transform( -1.78814e-07, 0, 1, 0, 1, 0, -1, 0, -1.78814e-07, -7.15256e-07, -2, -5 )
mesh = SubResource( 4 )
material/0 = SubResource( 5 )

[node name="Particles" type="Particles" parent="CSGTorus/coetes/coete3"]
material_override = SubResource( 6 )
local_coords = false
process_material = SubResource( 11 )
draw_pass_1 = SubResource( 12 )

[node name="MeshInstance" type="MeshInstance" parent="CSGTorus/coetes/coete3"]
transform = Transform( 1, 0, 0, 0, 0.866025, -0.5, 0, 0.5, 0.866025, 0, 1, 0.5 )
mesh = SubResource( 13 )
material/0 = SubResource( 14 )

[node name="MeshInstance2" type="MeshInstance" parent="CSGTorus/coetes/coete3"]
transform = Transform( 1, 0, 0, 0, 0.866025, 0.5, 0, -0.5, 0.866025, 0, 1, -0.5 )
mesh = SubResource( 15 )
material/0 = SubResource( 16 )

[node name="coete4" type="MeshInstance" parent="CSGTorus/coetes"]
transform = Transform( 1, 0, 0, 0, 1, 0, 0, 0, 1, 5, -2, 0 )
mesh = SubResource( 4 )
material/0 = SubResource( 5 )

[node name="Particles" type="Particles" parent="CSGTorus/coetes/coete4"]
material_override = SubResource( 6 )
local_coords = false
process_material = SubResource( 11 )
draw_pass_1 = SubResource( 12 )

[node name="MeshInstance" type="MeshInstance" parent="CSGTorus/coetes/coete4"]
transform = Transform( 1, 0, 0, 0, 0.866025, -0.5, 0, 0.5, 0.866025, 0, 1, 0.5 )
mesh = SubResource( 13 )
material/0 = SubResource( 14 )

[node name="MeshInstance2" type="MeshInstance" parent="CSGTorus/coetes/coete4"]
transform = Transform( 1, 0, 0, 0, 0.866025, 0.5, 0, -0.5, 0.866025, 0, 1, -0.5 )
mesh = SubResource( 15 )
material/0 = SubResource( 16 )

[node name="antenas" type="Spatial" parent="CSGTorus"]

[node name="antena" type="CSGMesh" parent="CSGTorus/antenas"]
transform = Transform( 0.604023, -0.719846, -0.34202, 0.766044, 0.642788, 0, 0.219846, -0.262003, 0.939693, 6.1, -0.5, 0.6 )
mesh = SubResource( 17 )

[node name="CSGMesh" type="CSGMesh" parent="CSGTorus/antenas/antena"]
transform = Transform( 1, 0, 0, 0, 1, 0, 0, 0, 1, 0, -0.1, 0 )
operation = 2
mesh = SubResource( 18 )
material = SubResource( 19 )

[node name="MeshInstance" type="MeshInstance" parent="CSGTorus/antenas/antena"]
transform = Transform( 1, 0, 0, 0, 1, 0, 0, 0, 1, 0, 0.1, 0 )
mesh = SubResource( 20 )
material/0 = null

[node name="MeshInstance" type="MeshInstance" parent="CSGTorus/antenas/antena/MeshInstance"]
transform = Transform( 1, 0, 0, 0, 1, 0, 0, 0, 1, 0, -0.5, 0 )
mesh = SubResource( 21 )
material/0 = SubResource( 22 )

[node name="antenab" type="CSGMesh" parent="CSGTorus/antenas"]
transform = Transform( -0.939693, -0.262002, 0.219846, 0, -0.642788, -0.766044, 0.34202, -0.719846, 0.604023, 0.599999, 0.6, 6.1 )
mesh = SubResource( 17 )

[node name="CSGMesh" type="CSGMesh" parent="CSGTorus/antenas/antenab"]
transform = Transform( 1, 0, 0, 0, 1, 0, 0, 0, 1, 0, -0.1, 0 )
operation = 2
mesh = SubResource( 18 )
material = SubResource( 19 )

[node name="MeshInstance" type="MeshInstance" parent="CSGTorus/antenas/antenab"]
transform = Transform( 1, 0, 0, 0, 1, 0, 0, 0, 1, 0, 0.1, 0 )
mesh = SubResource( 20 )
material/0 = null

[node name="MeshInstance" type="MeshInstance" parent="CSGTorus/antenas/antenab/MeshInstance"]
transform = Transform( 1, 0, 0, 0, 1, 0, 0, 0, 1, 0, -0.5, 0 )
mesh = SubResource( 21 )
material/0 = SubResource( 22 )

[node name="antena2" type="CSGMesh" parent="CSGTorus/antenas"]
transform = Transform( -0.604023, 0.719846, 0.34202, 0.766044, 0.642788, 0, -0.219846, 0.262003, -0.939692, -6.1, -0.5, -0.600002 )
mesh = SubResource( 17 )

[node name="CSGMesh" type="CSGMesh" parent="CSGTorus/antenas/antena2"]
transform = Transform( 1, 0, 0, 0, 1, 0, 0, 0, 1, 0, -0.1, 0 )
operation = 2
mesh = SubResource( 18 )
material = SubResource( 19 )

[node name="MeshInstance" type="MeshInstance" parent="CSGTorus/antenas/antena2"]
transform = Transform( 1, 0, 0, 0, 1, 0, 0, 0, 1, 0, 0.1, 0 )
mesh = SubResource( 20 )
material/0 = null

[node name="MeshInstance" type="MeshInstance" parent="CSGTorus/antenas/antena2/MeshInstance"]
transform = Transform( 1, 0, 0, 0, 1, 0, 0, 0, 1, 0, -0.5, 0 )
mesh = SubResource( 21 )
material/0 = SubResource( 22 )

[node name="antenab2" type="CSGMesh" parent="CSGTorus/antenas"]
transform = Transform( 0.939693, 0.262003, -0.219846, 0, -0.642788, -0.766044, -0.34202, 0.719846, -0.604023, -0.6, 0.6, -6.1 )
mesh = SubResource( 17 )

[node name="CSGMesh" type="CSGMesh" parent="CSGTorus/antenas/antenab2"]
transform = Transform( 1, 0, 0, 0, 1, 0, 0, 0, 1, 0, -0.1, 0 )
operation = 2
mesh = SubResource( 18 )
material = SubResource( 19 )

[node name="MeshInstance" type="MeshInstance" parent="CSGTorus/antenas/antenab2"]
transform = Transform( 1, 0, 0, 0, 1, 0, 0, 0, 1, 0, 0.1, 0 )
mesh = SubResource( 20 )
material/0 = null

[node name="MeshInstance" type="MeshInstance" parent="CSGTorus/antenas/antenab2/MeshInstance"]
transform = Transform( 1, 0, 0, 0, 1, 0, 0, 0, 1, 0, -0.5, 0 )
mesh = SubResource( 21 )
material/0 = SubResource( 22 )

[node name="soportes" type="Spatial" parent="CSGTorus"]
transform = Transform( 1, 0, 0, 0, 1, 0, 0, 0, 1, 0, -1, 0 )

[node name="MeshInstance2" type="MeshInstance" parent="CSGTorus/soportes"]
transform = Transform( 0.707107, -0.707107, 1.15202e-07, 0, -1.62921e-07, -1, 0.707107, 0.707107, -1.15202e-07, -1.76777, 0.5, 1.76777 )
mesh = SubResource( 24 )
material/0 = null

[node name="MeshInstance3" type="MeshInstance" parent="CSGTorus/soportes"]
transform = Transform( 0.707107, 0.707107, 1.15202e-07, 0, -1.62921e-07, 1, 0.707107, -0.707107, -1.15202e-07, 1.76777, 0.5, -1.76777 )
mesh = SubResource( 24 )
material/0 = null

[node name="MeshInstance4" type="MeshInstance" parent="CSGTorus/soportes"]
transform = Transform( 0.707107, 0.707107, -1.15202e-07, 0, -1.62921e-07, -1, -0.707107, 0.707107, -1.15202e-07, 1.76777, 0.5, 1.76777 )
mesh = SubResource( 24 )
material/0 = null

[node name="MeshInstance5" type="MeshInstance" parent="CSGTorus/soportes"]
transform = Transform( 0.707107, -0.707107, -1.15202e-07, 0, -1.62921e-07, 1, -0.707107, -0.707107, -1.15202e-07, -1.76777, 0.5, -1.76777 )
mesh = SubResource( 24 )
material/0 = null

[node name="puente" type="MeshInstance" parent="CSGTorus/soportes"]
transform = Transform( 0.707107, -0.707107, 1.15202e-07, 0, -1.62921e-07, -1, 0.707107, 0.707107, -1.15202e-07, 0, 0.5, 0 )
mesh = SubResource( 26 )
material/0 = null

[node name="puente2" type="MeshInstance" parent="CSGTorus/soportes"]
transform = Transform( 0.707107, 0.707107, -1.15202e-07, 0, -1.62921e-07, -1, -0.707107, 0.707107, -1.15202e-07, 0, 0.5, 0 )
mesh = SubResource( 26 )
material/0 = null

[editable path="CSGTorus/metrallas/Metralla"]

[editable path="CSGTorus/metrallas/Metralla2"]

[editable path="CSGTorus/metrallas/Metralla3"]

[editable path="CSGTorus/metrallas/Metralla4"]

[editable path="CSGTorus/recolectores/Colector"]

[editable path="CSGTorus/recolectores/Colector2"]

[editable path="CSGTorus/recolectores/Colector3"]

[editable path="CSGTorus/recolectores/Colector4"]
